$ANSIBLE_VAULT;1.1;AES256
34343364363866653931623037626634636339376466616136316263396561363839306361373765
6161383333316463653537313563313534313064393732650a613566636132386661643639633636
63656563343264383631366331323534616638366361343734633733633336323737633934366339
6434313538646638300a353935323837386331646133303462653561346162316662623532323561
35393037666661643538663031373930613839366164666661356535633038303831313132633534
31666336323864346331653638643130393863376663656239616138656162626665653965383339
32636130326236343030623865313835653466613164343238643337656436323936356137353338
61333066303363623931333536626532326631363765343630346265353061306639363132386338
61306561616639656634376638393238636234376638383265366232346334643432323531316130
37303431313334346138393239366432303238306237323865326233346364663739646235326130
36333838666236396430386532643365306231613766613539653363356363373439303461363632
33643037646330633939333134376636646333393938363962333734633339303262613564333231
34343565656131633166306662666464343432663566646231333938376438303365656634373636
34393561333862636334313434383030346539613864323463316331623235346466653830323266
62623831316637333033626235646465386635316366613436643139316232326365393135646161
39333034356639303564653432393366636665653535303030396437386561653832633738613536
39323131373336626132363736306535383765636133326335323538656462363031313138353664
65386431353038393935653265616364626234323234396638383863366534633834313365323766
37643536346362353539616262393461373461313063363137363632343032366335393363616333
35333238356333643465666136383136646561396431303762386163373036363066633161346564
61613239353238643363353332613937363634323731616236613862373932326361396665353530
62663136303963303930643262313965653933323761393934303563363562653330663964323065
35373437343565303032633434386135646330643938626564636536366661306663653932383434
30346337393338336537343334376535326564663634326430323863356339666535356565633235
38626631333431616533323133623639336530363630623936613665613633393232316334613038
33333639633038383234353862343136646639616564343734313236663335353364633135376539
31316533636563303639646631363034613735323535306239393834623735343336323064616536
66376538323738616334653836393266613663346235633762653532313131313437396534313666
31336633363461346638643233383065323333386438386533333163633631336635613962613536
63303166656632623665613437653163356532333964303638623762323435373439356362666165
36663536373664346366313839633830613762376239386233316239633964346232393863316465
30343338373135663538363732626237643533333538336630333033323961616363653835343834
31646362663939373737353063326633623731356162353262353365656239326130373636663836
38333933656265376232663132306663636633613432643461366136343234326637343633626337
37346430393930356132323562326137613265383964663137323832623930363036376338633766
30373930646236636639636237636337623836346334666463353430666465346461626130373635
66306431343531633638613233633566633931633035633030313361336337336637643266346434
64396363613734316437333530643638323366393764633663323739353961633034383132626533
61623366353230313634636537363163333935383763656537396566386461646664333134346663
35623465666438616438343861633766626333323334623633366238393166373332373663656461
32613931353139333661313130316137313038653434303862363762363966383864316165363738
66346435316466333239646336373630336135386664636137303665343033346236393339623566
37306264346534326638636537626261633866653331663833326266663631333331633866323561
35376263663565356238663665336462616238613666316261363734613962633263633461343630
36346334626430326565663138633834643138636165336666613066646637643162616462323063
64613363636637376330366265343466376535396262306562323137636137373535633861346264
31643565633437666237333065626633323036303135643037633536313761663730633333623766
32656466626265623938386139396234343363383466326630306235623631633435303435333134
32616361323436333537623438333732303835373433393837333965346462386461613836306464
31343536313635313363626539363063643265323862633131353466373162653364313866333731
33393433356661353733663764613064306530343264376361363537386264323264666636306236
62653330313335373933633862626638383639376139306534616338313861646539656132326139
33326335633930613130343761303235393839336139373439663739613434353830666633623137
36653063396339353164646536653836613864616338653733363561393564343231333432663736
62623566323138623766343638333433666532656665323335633732623539623938386433353465
30393834663161323262626463316533353863636139353062386239383066643937343463323661
37623162383537323038646466343237343138343334633638356662346232636465373431363631
66363032343738386464323062313033323331653931396535396234653166316639646336653938
35613436336662306236353733343666303637386436393739313566316632306537386662356566
65613164383231386464373962323465333562303862323736666434666631646531373534636439
65303465636630643462346464653230633631633135343130353461333762653562613838643963
37646466616462626237393334656661623630626430643666623539343935343437353061653363
37373464633433636437663065316533333332303065323165643738326638343939613831336432
35626238396536633735353832353537633638333530646235613832613435626235383532373230
66366333333830663430333863313666383262616433663532613664343133356234613539373838
34393730323534396337643931666136623965306530376531303463646134356663303636343236
38643065383237303032613738356365373134373532613930376364653334656531623561346162
62333838323930336634353930313364333332613166356561343035326266336439636263383165
61643936633032383366363664386539663831616332336465363561643231633633613939343662
39333832363139393230303737366565643335636631626139643032383235636339303030373333
33333331303937363334363837333934396634313132636361356366386539383833336166663639
37396562663438376164393964343236313839336539306564646564366232613539623135363064
35393064653936323365386364353335333832363766656662383235396533336166636335663237
61396334653663616237646466396262313161356565343533623734313363396466663132353263
64633265366163316536356637636339636131633262623964306666306130626230366337666136
36346539333965643139613566343362613264363363383039373462613731343734343133336633
30623562656562613763376231666365303961303937643665316230383864303535333665326435
66393065666161326166373563303534623166376164393639633062653631313438366130643337
32313830623639366132366438646231616532326532643630623561373564646334353164346535
31653266323161373136336134346337653737623630653166633130376461353466313632323539
62653435373961393362353364343062613635616333343439653530353731303062366132626532
63656163643437656435363832313239303836333037393861373031336662393733646137353263
39393964303166343032313333343066393534333639653336396361643638623637636630666661
62393262393733623562643934613836666435653537393939303633623634613866333564653933
66363836346131613861613838333835306434666533366138323461346335366634336437316338
39336330386231623761666231313134343533366438323064393939393866336339316262643361
33636238363963373861323836376130306535376435653463653039383330343262666135306335
36353961376466373835613563623066616537633831393335386138323365623634613562303462
38323438366634353935396333663366616364316365363266653839643930613338323135326532
66323564313032383337353362353232316336666264386433376536386437386163386237333039
30646235323137323734336131393236383231663832663232656361623630333332323366636266
65613464623530663039363839656230316164316531363939633361323465303830393437346361
34323962356432336635306630663338643133646664383037646236383962363935313530353165
64313961323131356135333738656138323366653038303734326233653033393062333663646536
66626337323331303761653839376438363665343839633137633565333932663332386339356339
63343263373764303535313464336233323963356436316435663033666264323062643561626631
38636137303330376239663730326134623864373761386165386362326233663763313465633063
61393666613532653433653338653561396231663566633832366337366237393330316135393736
66623433616261633137613631316463373664353736643137313965393230313730333365356263
38636662646266323736363861623632303337323231643933626436393764343930633430346632
66643934613362373536653334623861353565636537313462303839303231643365336564663237
66623433616563303166653961336634633239303864356139393939613335616138386663376138
39306161633230613938626635396563366335643138353131393463633937376636666530663635
66343232663930313762623465346161643435643938326430386333356664336134636265303633
35333937386535316236323131353966353464323935323835343431313535383665633162323538
61313862623738343830653538306634663736363132383432386539346364633635643337666633
36656534353738333837616131376230306461373030363464666239623466303565356234313266
65623766386337393439656163623961656434316266386231663663313865366337616437626632
65636431613433643337656238393436636262373563613566306664393639333836313030326133
64303161366135643062613763396261653063666631663338336231643335616431373065636332
66356639346363386539623361373530386461636132646339653530613363616162373464383034
39373632643135636562393835643130346462633337333466343935656662323664633631373562
34316165323666623862306362396137336538653965373937313431303532626632343836653565
63363430383735376631383235636532363332663733613939313966346663346365623539656465
34326536303335323064663062626236336238366434613462323037363138333535386331373036
35653563303033666630356466336331313931363165333035656233306438653061323764333766
33643265396439633838363132383331646339626431343931336539646565313366373664363662
30396335396438363736643039383134616134373232636363393731396233363738383063613434
37396335303133656432353031653861363135383939353236663632623633393238666163656133
37303236376132643564626338346236643635663165616530656132663164616164393233303833
39646439303363336461623635343266313164323836333161373964666630363631666232653237
66643861326334633238303266303639363839323631663935636566303635653139333833623437
38306135396532363764663137313863383966366535353034343937646636303430313433636435
35313466363465363730313336353365623035393265393261633132353164313731616634396231
64616236653339623361663631613763356430373336616565393965373234643161613435633733
39613633363935343761653134353662333932343733616665326539306239356163643861353864
38643738356331316332376338623430363030323533346564663331626536363532353931396232
34376138303839353032366463333936366139316263636435343831663634373536633436386664
32316532656338313033363963633532663630353464613263383738643365633831346437323465
36316566326230363165386330643534323239663536376462363035306532323035383232303938
39623931653063363038383963623132636331666134366131326630373561393562323639326164
64313638336234656339613938643561346466346637386265363030373466626333626436303330
33353436386535343338316166383138656264346235366364346233636437333137323637346262
62633436373262663437343934383265616633383839656462633066306535383239383835383963
34353137616239623332643131646433376538356161316266613539656135316136393835626462
63663938373862336434343036373664613339643731616430663733356639383637393936346531
63656563353831656134343664363036346537396632393935343032303438303265303861306532
33336462376638353338633439313039633832626134663962356138326232393032656337633430
61303836333338323366396561396533646463306238383863316539363062333230306634353365
61333361343533636533313032386331306665646665613166353162653836623963393339666435
61643834616562343030626431323637373265643063336136393965396365356539636534646238
36666235663363376439643631303035373563323738663633346238656561396235643133623937
61363762623938623830313630326661643432343035366230316266666634353639616665336166
64633265396132613638326437656432376539656331333163333637346561366464333230613266
63616262633735656331666235653534643364346335613137613338666434653237383236313161
31313634366439316530616163626236366461613239316533383531616234376261396335356236
38663634336338383065323066646465346463376563666236613737656633393163313165323534
62393937353363633833633666393031333639653663323631643636633663616538306362643839
33363131646135343234306533303932626264646135613834393664356234626330336465353466
36343565353466373934626563303539393464393537643635623236633863376561393432373064
61646538353661373137313532346332396433623135353031626334386136333334363637343162
66353064616266346234336365313562646537326532663537363866663866323334353234626466
39633437393836383139303138386634303731623336346639326666623435616136636665643638
36386466363237333761376362393965356563336262333962623764366463306438323132623339
35393363353239346166393136656665663636353137303165336261333636343535633161363733
36613561343631343661616264633563633734393162353536316138383036326337613732343864
37623562636536326134303539326436353162346638633834656432663465616566376634666261
62396232353432376236396130633832366161356130626565303630326337316364613362623835
31346531333962316538323466393731353539626461666137326235613033613839326430383231
65356332323564366662313236313666633163366630366562383134653337656562353666633961
65323731616533393135633931646239663565663165623339303566313031333965313137383233
62343461333136383265306430356132346639323839393362373031386133363462613861356264
34633637373430646138363636393065636466646631356536666164626434663465383236633664
35663334626134613531383264363137313362366561336264373338633535306134356465303039
62653963646333613535333164346531386161646466366630316562313364666238333339343235
35343732373064376531346133336666663262663662393566396664626333393434393131373866
66393538623630373634666231663764363530303839343365333331366261393265646532653030
37383230343133623834663738623836363830616137656233313536646235653332346566636639
36626663663935306533666537306234613861646665643931643731336262373835613037653932
66636661373439666563396662316636666262306664613734643735316266393463326131343935
39333631633834643166613061336534626566656639646338303839323765623865336337663564
36633237616266653136616262656431343439386266386266386133356664616535623038323236
37613264333937643835623232333738613134303164376464313061633235653362
